// PatSize	  TextSize	  Naive-RT	    KMP-RT
        10	     10000	      1086	       631
       100	     10000	      1535	       239
      1000	     10000	       982	       360
        10	     20000	       209	       198
       100	     20000	       208	       192
      1000	     20000	       186	      1019
     10000	     20000	       204	       478
        10	     30000	       292	       283
       100	     30000	       300	       351
      1000	     30000	       290	      6942
     10000	     30000	       293	       357
        10	     40000	       339	       421
       100	     40000	       762	       562
      1000	     40000	       657	       474
     10000	     40000	       375	       462
        10	     50000	       505	       453
       100	     50000	       463	       475
      1000	     50000	       460	       476
     10000	     50000	       462	       511
        10	     60000	       584	       545
       100	     60000	       591	       538
      1000	     60000	       537	       555
     10000	     60000	       588	       715
        10	     70000	       686	       566
       100	     70000	       633	       668
      1000	     70000	       678	       722
     10000	     70000	       645	       654
        10	     80000	       756	       643
       100	     80000	       724	       676
      1000	     80000	       770	       633
     10000	     80000	       668	       641
        10	     90000	       762	       689
       100	     90000	       835	       814
      1000	     90000	       995	       759
     10000	     90000	      1007	       795
        10	    100000	      1004	       813
       100	    100000	       900	       813
      1000	    100000	       860	       852
     10000	    100000	       804	       940
        10	    110000	      1222	      1116
       100	    110000	      1016	      1142
      1000	    110000	      1182	      1078
     10000	    110000	       979	       940
        10	    120000	      1160	      1291
       100	    120000	      1206	      1246
      1000	    120000	      1353	      1109
     10000	    120000	      1111	      1148
        10	    130000	      1140	      1244
       100	    130000	      1375	      1309
      1000	    130000	      1505	      1294
     10000	    130000	      1204	      1350
        10	    140000	      1448	      1350
       100	    140000	      1435	      1491
      1000	    140000	      1544	      1222
     10000	    140000	      1571	      1546
        10	    150000	      1655	      1413
       100	    150000	      1655	      1518
      1000	    150000	      1592	      1402
     10000	    150000	      1792	      1592
        10	    160000	      1519	      1531
       100	    160000	      1558	      1438
      1000	    160000	      1440	      1374
     10000	    160000	      1604	      1457
        10	    170000	      1776	      1624
       100	    170000	      1750	      1848
      1000	    170000	      1669	      1686
     10000	    170000	      1810	      1516
        10	    180000	      1826	      1646
       100	    180000	      1805	      1720
      1000	    180000	      1774	      1776
     10000	    180000	      2009	      2047
        10	    190000	      2167	      1949
       100	    190000	      1984	      2131
      1000	    190000	      1840	      2095
     10000	    190000	      1832	      1610
        10	    200000	      1979	      1978
       100	    200000	      2190	      1949
      1000	    200000	      1873	      1785
     10000	    200000	      1987	      1689
    100000	    200000	      2255	      2108
        10	    210000	      2117	      1964
       100	    210000	      2131	      1965
      1000	    210000	      4598	      2291
     10000	    210000	      1869	      1962
    100000	    210000	      2281	      5729
        10	    220000	      2037	      2278
       100	    220000	      2463	      2374
      1000	    220000	      2149	      2151
     10000	    220000	      2413	      2129
    100000	    220000	      2504	      2268
        10	    230000	      2201	      2155
       100	    230000	      2194	      2344
      1000	    230000	      2239	      2290
     10000	    230000	      2409	      1859
    100000	    230000	      2758	      2288
        10	    240000	      2766	      2469
       100	    240000	      2330	      2140
      1000	    240000	      2360	      2062
     10000	    240000	      2385	      2430
    100000	    240000	      2911	      2159
        10	    250000	      2416	      2739
       100	    250000	      2440	      2154
      1000	    250000	      2371	      2530
     10000	    250000	      2461	      2339
    100000	    250000	      2952	      4562
        10	    260000	      2329	      2330
       100	    260000	      2127	      2173
      1000	    260000	      2139	      2221
     10000	    260000	      2171	      1928
    100000	    260000	      2522	      1862
        10	    270000	      2335	      2132
       100	    270000	      2336	      2171
      1000	    270000	      2359	      2395
     10000	    270000	      2400	      2351
    100000	    270000	      2853	      2012
        10	    280000	      2391	      2329
       100	    280000	      2149	      2440
      1000	    280000	      2257	      2189
     10000	    280000	      2440	      1997
    100000	    280000	      2705	      2029
        10	    290000	      2598	      2455
       100	    290000	      2511	      2658
      1000	    290000	      2808	      2807
     10000	    290000	      2538	      2449
    100000	    290000	      3147	      3682
        10	    300000	      3419	      2640
       100	    300000	      2844	      2828
      1000	    300000	      2797	      2925
     10000	    300000	      2984	      2548
    100000	    300000	      3292	      2427
        10	    310000	      3202	      2714
       100	    310000	      3190	      2709
      1000	    310000	      3430	      2807
     10000	    310000	      3402	      2769
    100000	    310000	      3575	      2328
        10	    320000	      3050	      2772
       100	    320000	      3229	      2888
      1000	    320000	      3099	      2882
     10000	    320000	      3187	      2797
    100000	    320000	      3657	      2429
        10	    330000	      6339	      3345
       100	    330000	      3067	      2992
      1000	    330000	      2894	      2997
     10000	    330000	      3131	      2646
    100000	    330000	      3789	      2347
        10	    340000	      3139	      3534
       100	    340000	      3347	      3557
      1000	    340000	      3300	      3519
     10000	    340000	      3320	      3315
    100000	    340000	      3924	      2877
        10	    350000	      3672	      3331
       100	    350000	      3147	      3006
      1000	    350000	      3460	      3022
     10000	    350000	      3598	      3197
    100000	    350000	      4049	      2346
        10	    360000	      3614	      3307
       100	    360000	      3223	      3003
      1000	    360000	      2916	      2892
     10000	    360000	      2936	      2505
    100000	    360000	      3601	      2156
        10	    370000	      3155	      3089
       100	    370000	      2968	      3439
      1000	    370000	      2940	      2878
     10000	    370000	      3180	      2653
    100000	    370000	      4419	      2191
        10	    380000	      3325	      3013
       100	    380000	      3012	      3518
      1000	    380000	      3288	      3243
     10000	    380000	      3382	      2688
    100000	    380000	      3704	      2175
        10	    390000	      3136	      3534
       100	    390000	      3377	      3487
      1000	    390000	      3039	      3054
     10000	    390000	      3631	      2794
    100000	    390000	      3970	      2263
        10	    400000	      3261	      3625
       100	    400000	      3367	      3560
      1000	    400000	      3363	      3535
     10000	    400000	      3870	      3431
    100000	    400000	      4294	      5269
        10	    410000	      4036	      3495
       100	    410000	      3778	      3812
      1000	    410000	      3783	      3728
     10000	    410000	      3764	      3198
    100000	    410000	      4707	      3250
        10	    420000	      3806	      3569
       100	    420000	      3888	      3898
      1000	    420000	      3847	      3888
     10000	    420000	      4386	      3895
    100000	    420000	      4461	      3009
        10	    430000	      4176	      3609
       100	    430000	      4417	      3887
      1000	    430000	      3829	      4014
     10000	    430000	      3965	      3499
    100000	    430000	      4641	      2558
        10	    440000	      3588	      3623
       100	    440000	      3566	      3530
      1000	    440000	      3543	      3464
     10000	    440000	      3776	      3070
    100000	    440000	      4180	      4483
        10	    450000	      3701	      3468
       100	    450000	      3573	      3973
      1000	    450000	      3695	      3591
     10000	    450000	      4291	      3039
    100000	    450000	      4529	      2643
        10	    460000	      3968	      3527
       100	    460000	      4458	      4287
      1000	    460000	      4076	      3735
     10000	    460000	      4622	      3224
    100000	    460000	      4439	      2469
        10	    470000	      3960	      4005
       100	    470000	      3849	      3686
      1000	    470000	      3736	      3822
     10000	    470000	      4243	      3408
    100000	    470000	      4592	      3989
        10	    480000	      4160	      3983
       100	    480000	      4018	      3854
      1000	    480000	      3800	      3694
     10000	    480000	      4612	      3286
    100000	    480000	      4642	      2619
        10	    490000	      4036	      4247
       100	    490000	      3762	      3865
      1000	    490000	      3918	      3746
     10000	    490000	      4055	      3587
    100000	    490000	      5115	      2605
        10	    500000	      4129	      3879
       100	    500000	      4222	      3854
      1000	    500000	      4091	      3780
     10000	    500000	      5151	      3488
    100000	    500000	      5193	      2597
        10	    510000	      4197	      4032
       100	    510000	      4266	      4102
      1000	    510000	      4355	      4000
     10000	    510000	      4631	      3687
    100000	    510000	      5364	      2649
        10	    520000	      4490	      4145
       100	    520000	      4230	      3881
      1000	    520000	      4622	      4003
     10000	    520000	      5200	      3562
    100000	    520000	      5787	      2690
        10	    530000	      4491	      4185
       100	    530000	      4248	      4159
      1000	    530000	      4530	      4007
     10000	    530000	      4665	      3622
    100000	    530000	      5825	      2776
        10	    540000	      4307	      4732
       100	    540000	      4316	      4209
      1000	    540000	      4576	      4104
     10000	    540000	      4946	      4210
    100000	    540000	      5289	      3381
        10	    550000	      5635	      5062
       100	    550000	      5152	      5137
      1000	    550000	      5254	      4925
     10000	    550000	      5496	      5120
    100000	    550000	      6376	      3509
        10	    560000	      5465	      5580
       100	    560000	      5143	      5134
      1000	    560000	      5111	      5112
     10000	    560000	      5339	      4670
    100000	    560000	      6535	      3561
        10	    570000	      5118	      4751
       100	    570000	      5111	      5583
      1000	    570000	      5346	      4755
     10000	    570000	      5269	      4471
    100000	    570000	      6212	      3552
        10	    580000	      5197	      4810
       100	    580000	      5237	      4472
      1000	    580000	      4683	      4367
     10000	    580000	      4866	      3990
    100000	    580000	      5595	      2976
        10	    590000	      5239	      4492
       100	    590000	      4917	      5657
      1000	    590000	      4702	      5257
     10000	    590000	      4982	      5156
    100000	    590000	      5761	      3478
        10	    600000	      5813	      5513
       100	    600000	      6117	      4963
      1000	    600000	      5337	      5416
     10000	    600000	      5287	      5110
    100000	    600000	      6132	      3857
        10	    610000	      5495	      5587
       100	    610000	      5286	      5129
      1000	    610000	      5405	      5057
     10000	    610000	      5601	      4277
    100000	    610000	      6380	      3025
        10	    620000	      5002	      4930
       100	    620000	      5029	      4827
      1000	    620000	      5278	      4811
     10000	    620000	      5349	      4243
    100000	    620000	      6336	      3105
        10	    630000	      5074	      4896
       100	    630000	      4963	      4991
      1000	    630000	      5985	      4803
     10000	    630000	      5301	      4323
    100000	    630000	      6375	      3090
        10	    640000	      5417	      4867
       100	    640000	      5261	      5063
      1000	    640000	      5558	      4952
     10000	    640000	      5262	      4301
    100000	    640000	      6795	      3100
        10	    650000	      5176	      5037
       100	    650000	      5622	      4948
      1000	    650000	      5294	      4802
     10000	    650000	      5898	      5016
    100000	    650000	      6237	      3219
        10	    660000	      5337	      5034
       100	    660000	      5831	      5049
      1000	    660000	      5608	      4953
     10000	    660000	      6163	      4606
    100000	    660000	      6274	      4970
        10	    670000	      5411	      5197
       100	    670000	      5370	      5135
      1000	    670000	      5472	      5260
     10000	    670000	      5361	      4626
    100000	    670000	      7019	      3252
        10	    680000	      5521	      5343
       100	    680000	      5438	      5326
      1000	    680000	      5815	      5100
     10000	    680000	      5738	      4730
    100000	    680000	      7208	      3563
        10	    690000	      5601	      5374
       100	    690000	      5595	      5344
      1000	    690000	      5811	      5322
     10000	    690000	      5869	      4695
    100000	    690000	      6742	      5126
        10	    700000	      5544	      5716
       100	    700000	      5504	      5426
      1000	    700000	      6586	      5248
     10000	    700000	      6089	      4823
    100000	    700000	      6509	      3360
        10	    710000	      5901	      5533
       100	    710000	      5865	      5376
      1000	    710000	      6530	      5464
     10000	    710000	      6031	      4920
    100000	    710000	      6641	      3385
        10	    720000	      5904	      5620
       100	    720000	      5684	      5562
      1000	    720000	      6273	      5539
     10000	    720000	      5927	      5012
    100000	    720000	      7030	      5317
        10	    730000	      6053	      5766
       100	    730000	      5914	      5874
      1000	    730000	      6603	      5569
     10000	    730000	      6729	      5036
    100000	    730000	      7053	      3572
        10	    740000	      6275	      5610
       100	    740000	      6010	      5762
      1000	    740000	      5977	      5707
     10000	    740000	      6179	      5216
    100000	    740000	      7001	      3563
        10	    750000	      6315	      5769
       100	    750000	      5898	      5641
      1000	    750000	      6354	      5696
     10000	    750000	      6301	      5178
    100000	    750000	      7935	      3590
        10	    760000	      6103	      5891
       100	    760000	      6018	      6042
      1000	    760000	      6430	      5779
     10000	    760000	      6398	      5120
    100000	    760000	      7374	      3562
        10	    770000	      6288	      5933
       100	    770000	      5985	      5958
      1000	    770000	      7287	      5872
     10000	    770000	      6380	      5500
    100000	    770000	      8002	      3648
        10	    780000	      6440	      5906
       100	    780000	      6186	      6056
      1000	    780000	      6378	      5954
     10000	    780000	      6135	      5344
    100000	    780000	      7459	      3656
        10	    790000	      6282	      6097
       100	    790000	      6221	      6177
      1000	    790000	      6500	      5873
     10000	    790000	      7158	      5268
    100000	    790000	      7679	      3707
        10	    800000	      6390	      5995
       100	    800000	      6415	      6151
      1000	    800000	      6704	      6079
     10000	    800000	      6887	      5415
    100000	    800000	      7621	      5562
        10	    810000	      6457	      6681
       100	    810000	      6506	      6310
      1000	    810000	      7314	      6178
     10000	    810000	      7174	      5562
    100000	    810000	      7825	      3765
        10	    820000	      7077	      6297
       100	    820000	      7449	      6504
      1000	    820000	      6402	      6191
     10000	    820000	      6960	      5995
    100000	    820000	      7734	      3882
        10	    830000	      6764	      6465
       100	    830000	      7015	      6294
      1000	    830000	      6833	      6242
     10000	    830000	      6972	      6821
    100000	    830000	      7845	      3889
        10	    840000	      6923	      6370
       100	    840000	      7078	      6536
      1000	    840000	      6811	      6439
     10000	    840000	      6790	      5791
    100000	    840000	      7922	      4046
        10	    850000	      6923	      6508
       100	    850000	      6893	      6488
      1000	    850000	      7167	      6563
     10000	    850000	      7108	      5910
    100000	    850000	      8078	      3908
        10	    860000	      6931	      6594
       100	    860000	      7177	      6816
      1000	    860000	      7266	      6583
     10000	    860000	      7128	      5720
    100000	    860000	      8236	      4000
        10	    870000	      7008	      6722
       100	    870000	      7492	      6662
      1000	    870000	      7257	      6537
     10000	    870000	      7021	      5909
    100000	    870000	      8162	      4017
        10	    880000	      7105	      6772
       100	    880000	      7888	      6908
      1000	    880000	      7382	      6536
     10000	    880000	      7099	      5910
    100000	    880000	      8300	      5653
        10	    890000	      7299	      6968
       100	    890000	      7196	      6670
      1000	    890000	      7662	      6792
     10000	    890000	      7215	      6059
    100000	    890000	      8350	      4035
        10	    900000	      7348	      6877
       100	    900000	      8234	      6940
      1000	    900000	      7874	      6717
     10000	    900000	      8076	      6212
    100000	    900000	      8587	      5694
        10	    910000	      7509	      6859
       100	    910000	      8301	      7264
      1000	    910000	      7498	      7058
     10000	    910000	      8198	      6166
    100000	    910000	      8787	      4264
        10	    920000	      7549	      7854
       100	    920000	      7932	      6855
      1000	    920000	      8141	      7958
     10000	    920000	      7708	      6577
    100000	    920000	      8752	      5130
        10	    930000	     17201	      8897
       100	    930000	      8432	      8605
      1000	    930000	      8383	      8605
     10000	    930000	      8412	      7905
    100000	    930000	     10086	      5028
        10	    940000	      8823	      7150
       100	    940000	      8814	      7274
      1000	    940000	      8492	      7111
     10000	    940000	      7673	      6409
    100000	    940000	      8979	      4353
        10	    950000	      7724	      7178
       100	    950000	      8502	      7310
      1000	    950000	      7496	      8352
     10000	    950000	      7789	      6855
    100000	    950000	      9501	      5269
        10	    960000	      8722	      8521
       100	    960000	      8616	      8810
      1000	    960000	      9062	      8428
     10000	    960000	      9030	      7600
    100000	    960000	     10536	      5441
        10	    970000	      8957	      8090
       100	    970000	      8276	      7478
      1000	    970000	      8476	      7305
     10000	    970000	      7725	      6650
    100000	    970000	      9308	      4422
        10	    980000	      7926	      7626
       100	    980000	      8673	      7410
      1000	    980000	      8004	      7412
     10000	    980000	      8478	      6664
    100000	    980000	      9255	      4383
        10	    990000	      7911	      7764
       100	    990000	      8950	      7560
      1000	    990000	      9132	      7565
     10000	    990000	      8337	      6585
    100000	    990000	      9358	      4525
        10	   1000000	      8048	      7768
       100	   1000000	      8693	      7601
      1000	   1000000	      7950	      7740
     10000	   1000000	      8871	      6710
    100000	   1000000	      9582	      4582
