//            PatSize	     Ratio
               10000	  0.090900
               20000	  0.035600
               30000	  0.025600
               40000	  0.012750
               50000	  0.015060
               60000	  0.011767
               70000	  0.012543
               80000	  0.011700
               90000	  0.010922
              100000	  0.011230
              110000	  0.012173
              120000	  0.009875
              130000	  0.010477
              140000	  0.010021
              150000	  0.012120
              160000	  0.011544
              170000	  0.010947
              180000	  0.010478
              190000	  0.010974
              200000	  0.012220
              210000	  0.022943
              220000	  0.010032
              230000	  0.011152
              240000	  0.010800
              250000	  0.010584
              260000	  0.010123
              270000	  0.009904
              280000	  0.011057
              290000	  0.014324
              300000	  0.009663
              310000	  0.008887
              320000	  0.009200
              330000	  0.009512
              340000	  0.009365
              350000	  0.009423
              360000	  0.008878
              370000	  0.008286
              380000	  0.009418
              390000	  0.009521
              400000	  0.010018
              410000	  0.010385
              420000	  0.010255
              430000	  0.022151
              440000	  0.010211
              450000	  0.009093
              460000	  0.010274
              470000	  0.010955
              480000	  0.008690
              490000	  0.008441
              500000	  0.009304
              510000	  0.009704
              520000	  0.010204
              530000	  0.009615
              540000	  0.011613
              550000	  0.009887
              560000	  0.009562
              570000	  0.008863
              580000	  0.008572
              590000	  0.008264
              600000	  0.008263
              610000	  0.011326
              620000	  0.010084
              630000	  0.009197
              640000	  0.008958
              650000	  0.009006
              660000	  0.008383
              670000	  0.010797
              680000	  0.009246
              690000	  0.008284
              700000	  0.008976
              710000	  0.009189
              720000	  0.008869
              730000	  0.009362
              740000	  0.009273
              750000	  0.010111
              760000	  0.009374
              770000	  0.008984
              780000	  0.009414
              790000	  0.009085
              800000	  0.008789
              810000	  0.009335
              820000	  0.009057
              830000	  0.009380
              840000	  0.009048
              850000	  0.009358
              860000	  0.008431
              870000	  0.008395
              880000	  0.009028
              890000	  0.008692
              900000	  0.008624
              910000	  0.008524
              920000	  0.008253
              930000	  0.008695
              940000	  0.009331
              950000	  0.008431
              960000	  0.009577
              970000	  0.009861
              980000	  0.008076
              990000	  0.007883
             1000000	  0.008738
Ignoring ratios before cross over point: 50000
Sorted ratios are: 
  0.007883,   0.008076,   0.008253,   0.008263,   0.008264, 
  0.008284,   0.008286,   0.008383,   0.008395,   0.008431, 
  0.008431,   0.008441,   0.008524,   0.008572,   0.008624, 
  0.008690,   0.008692,   0.008695,   0.008738,   0.008789, 
  0.008863,   0.008869,   0.008878,   0.008887,   0.008958, 
  0.008976,   0.008984,   0.009006,   0.009028,   0.009048, 
  0.009057,   0.009085,   0.009093,   0.009189,   0.009197, 
  0.009200,   0.009246,   0.009273,   0.009304,   0.009331, 
  0.009335,   0.009358,   0.009362,   0.009365,   0.009374, 
  0.009380,   0.009414,   0.009418,   0.009423,   0.009512, 
  0.009521,   0.009562,   0.009577,   0.009615,   0.009663, 
  0.009704,   0.009861,   0.009875,   0.009887,   0.009904, 
  0.010018,   0.010021,   0.010032,   0.010084,   0.010111, 
  0.010123,   0.010204,   0.010211,   0.010255,   0.010274, 
  0.010385,   0.010477,   0.010478,   0.010584,   0.010797, 
  0.010800,   0.010922,   0.010947,   0.010955,   0.010974, 
  0.011057,   0.011152,   0.011230,   0.011326,   0.011544, 
  0.011613,   0.011700,   0.011767,   0.012120,   0.012173, 
  0.012220,   0.012543,   0.012750,   0.014324,   0.015060
Maximum ratio is:   0.015060
Average ratio is:   0.009816
